# PLATE   MJD     FIBERID   Z   
4413   55894     164     0.10588764
7665   57328     394     0.013997495
5135   55862     632     0.20578302
7604   56947     592     0.039146744
4360   55539     487     0.12021586
5046   56243     776     0.12684512
4360   55539     490     0.09248492
4360   55539     565     0.15655594
4413   55894     484     0.061578627999999996
6015   56096     61     0.23015833
5135   55862     926     0.23693788
5047   55833     24     0.30826584
5963   56191     370     0.087398954
6744   56399     601     0.25189903
6691   56413     728     0.08287471
7665   57328     912     0.23900382
5047   55833     198     0.3124741
5963   56191     496     0.09132169999999999
4361   55831     48     0.059642136
5136   55836     236     0.06383327
5136   55836     238     0.06876468
5136   55836     254     0.07171103
6692   56390     188     0.08724953
5047   55833     620     0.06788079
3681   55243     836     0.15890862
3586   55181     77     0.20068108
7666   57339     299     0.3116659
6015   56096     801     0.26098874
5964   56098     47     0.10283238
5136   55836     540     0.060819622000000004
4414   55882     252     0.30249277
3681   55243     989     0.31687552
7605   56949     669     0.31263754
6745   56425     166     0.28560174
3586   55181     288     0.058112405
4414   55882     335     0.3040305
5964   56098     177     0.10610868
5136   55836     646     0.05698614
4361   55831     662     0.29785436
4414   55882     466     0.062039092000000004
4361   55831     722     0.30366909999999997
5048   56218     12     0.13354911
5048   56218     20     0.08163833599999999
3682   55244     218     0.28704304
4361   55831     759     0.20145506
3586   55181     472     0.046100933
5964   56098     361     0.14377703
4414   55882     596     0.054492503
5136   55836     899     0.22965102
4414   55882     620     0.30346906
5964   56098     428     0.065085895
3586   55181     579     0.2310201
3682   55244     442     0.23339051
5964   56098     504     0.19224344
5048   56218     227     0.30022459999999995
5048   56218     260     0.1215123
7606   56977     124     0.0777447
3586   55181     690     0.22083809999999998
4361   55831     978     0.060073945999999996
5137   55833     186     0.12317871
3586   55181     766     0.22984314
4414   55882     934     0.06182887
7606   56977     234     0.038908042000000004
7669   57329     115     0.21572919
4414   55882     964     0.04523412
3586   55181     936     0.20888105
5137   55833     368     0.18622260000000002
6016   56073     668     0.08668869
5964   56098     913     0.26944944
4415   55831     218     0.09454223
4415   55831     228     0.10445342
5964   56098     970     0.087043636
3587   55182     148     0.044939384000000006
5048   56218     725     0.19284448
4415   55831     291     0.09627008
4415   55831     304     0.09663882
4415   55831     342     0.095938385
4362   55828     522     0.081907555
6746   56386     280     0.071263365
5965   56190     172     0.08817747
4415   55831     516     0.04894853
5965   56190     254     0.06641954
7606   56977     845     0.31855556
4415   55831     589     0.19993563
3587   55182     478     0.22531466
4362   55828     798     0.17304996
7669   57329     823     0.31630573
5049   56103     120     0.11820132
5049   56103     130     0.1929215
3587   55182     585     0.19058195
5049   56103     162     0.089017145
4415   55831     822     0.13332513
5138   55830     121     0.26417154
3587   55182     684     0.22429968
5049   56103     270     0.08048703
4415   55831     869     0.23815805
6693   56384     879     0.31875962
3587   55182     730     0.30774033
4363   55537     28     0.069265045
3587   55182     756     0.17121682
5965   56190     675     0.06379509
5138   55830     348     0.06874397
5965   56190     743     0.09233655
4363   55537     178     0.22248130000000002
6746   56386     945     0.074636966
5138   55830     385     0.24951324
7670   57328     260     0.25992724
7607   56902     400     0.0383529
5138   55830     501     0.054865513
5049   56103     607     0.17794013
6017   56075     832     0.07165845
7670   57328     414     0.06136996
4416   55828     292     0.28954253
5049   56103     696     0.13226439
5138   55830     602     0.037957
6017   56075     932     0.25909922
6017   56075     938     0.08541713
6694   56386     366     0.1554304
5049   56103     794     0.09669649
5138   55830     712     0.07333198
5049   56103     820     0.13392223
7607   56902     703     0.18960004
4363   55537     600     0.059893627000000005
5049   56103     898     0.13972831
5050   56215     58     0.076524414
5139   55866     40     0.07223403
5966   56101     387     0.091878936
4363   55537     821     0.12618877
7607   56902     997     0.29771286
4416   55828     854     0.04409087
4416   55828     894     0.31616473
5966   56101     487     0.21399653
5139   55866     200     0.06273271
3588   55184     646     0.26331323
4416   55828     935     0.11805233
4416   55828     941     0.08560591
5139   55866     238     0.07307847
3588   55184     696     0.22057912
5139   55866     286     0.06836519999999999
5139   55866     316     0.12234847
6018   56067     636     0.28589499999999995
3588   55184     775     0.29523376
5139   55866     407     0.055315584
6748   56371     42     0.05966815
5050   56215     502     0.10178453
3683   55245     938     0.10057563
7608   56945     421     0.29861158
7671   57360     439     0.30223694
7671   57360     454     0.17151524
5139   55866     598     0.12118692
5050   56215     600     0.081682086
4417   55829     341     0.18490636
5139   55866     639     0.059738032999999996
5966   56101     898     0.07298597
5966   56101     905     0.12898801
3589   55186     78     0.05399114
5139   55866     684     0.07382628
4364   55855     402     0.07173371
5139   55866     730     0.06512629
5139   55866     796     0.062021412000000005
6695   56628     358     0.2612544
3589   55186     280     0.08060152
4364   55855     568     0.08796317
7608   56945     776     0.07620054
4417   55829     744     0.31617504
5140   55836     55     0.15969872
4417   55829     779     0.09006016
5051   56214     14     0.116846144
5051   56214     16     0.13238496
5051   56214     83     0.15703216
6695   56628     684     0.27887183
6748   56371     812     0.18798077
6748   56371     816     0.030763697000000003
7609   56959     5     0.039945804
4364   55855     904     0.11106037
4364   55855     924     0.15499581
6748   56371     960     0.18847191
3589   55186     730     0.26866707
3589   55186     734     0.27152237
4365   55539     116     0.073208176
6696   56398     24     0.06484849
4365   55539     280     0.21454342
3589   55186     994     0.1148011
5140   55836     756     0.07170864
4418   55862     537     0.13767798
5140   55836     836     0.04322071
4418   55862     552     0.08064817
4365   55539     496     0.09247841
3590   55201     292     0.30350479999999996
5051   56214     890     0.10588296
3686   55268     384     0.1340083
5051   56214     895     0.15888073
3590   55201     386     0.23369168
3590   55201     390     0.11053309
6696   56398     586     0.19432247
3686   55268     497     0.22069058
3686   55268     580     0.07241606
3590   55201     537     0.2715623
6696   56398     858     0.18176638
3590   55201     779     0.30096695
5052   55857     392     0.11809943
6750   56367     112     0.24051146
4366   55536     158     0.08076879
5052   55857     512     0.1044425
4419   55867     359     0.107645184
6750   56367     245     0.31173658
4366   55536     296     0.06591559
4366   55536     316     0.10557156
4366   55536     318     0.109000765
7610   56980     501     0.112958744
5052   55857     670     0.06891541
4366   55536     400     0.11024683
5052   55857     694     0.23178753
7610   56980     569     0.30725405
3687   55269     197     0.23784658
6697   56419     302     0.0687681
5141   55746     824     0.13747703
5141   55746     847     0.09832823
6750   56367     533     0.24319899
5141   55746     998     0.13221413
5052   55857     940     0.08083462
4366   55536     670     0.19559544
5969   56069     268     0.04853667
3687   55269     680     0.24633744
4366   55536     914     0.069333375
3606   55182     690     0.14340147
6750   56367     903     0.14313692
5969   56069     559     0.19490014
5053   56213     274     0.13660757
6750   56367     946     0.06737693
3606   55182     747     0.10856293
3687   55269     852     0.22131725
5053   56213     372     0.097584225
5053   56213     388     0.10932247
4367   55566     104     0.07504332
5142   55825     632     0.09272896
3688   55273     78     0.07785703
5053   56213     590     0.08318099
7611   56946     556     0.09847497
5142   55825     837     0.048279565
6022   56076     128     0.03621836
7611   56946     560     0.10752391
4420   55883     572     0.09646446
3609   55201     229     0.25254047
4367   55566     524     0.10412168
6022   56076     342     0.03837042
6022   56076     362     0.031244692999999997
4420   55883     823     0.11065343
3609   55201     399     0.2776033
4367   55566     686     0.104866326
5054   56191     6     0.22021383
4367   55566     724     0.06736866
4367   55566     772     0.06183351
7611   56946     963     0.30000725
3609   55201     524     0.3120378
4367   55566     834     0.22838831
5054   56191     141     0.15460584
4421   55858     51     0.058781993
4367   55566     884     0.084481716
4367   55566     970     0.14458811
7612   56972     127     0.039366197
7612   56972     146     0.036784805
6022   56076     853     0.30530968
4421   55858     288     0.27060962
3689   55180     6     0.07291754
5054   56191     364     0.10551342
6699   56411     26     0.26225817
4368   55559     268     0.068608835
6023   56069     95     0.19982323
5054   56191     563     0.06172712
4368   55559     288     0.08307771
4368   55559     292     0.083295465
3615   55179     110     0.28587490000000004
5970   56072     98     0.16157548
3615   55179     319     0.29884186
3615   55179     350     0.106442995
3615   55179     408     0.04157575
4422   55533     140     0.08246645
4422   55533     202     0.07573838
5055   55889     70     0.17872384
4422   55533     238     0.07648503
4422   55533     248     0.106225744
3615   55179     511     0.040510292999999996
6023   56069     827     0.24743415
5055   55889     116     0.08547653
6699   56411     698     0.046176884
3615   55179     624     0.07293234
3615   55179     638     0.31890637
4422   55533     396     0.07362518
3615   55179     700     0.20503697
6024   56088     31     0.07227821
4422   55533     474     0.31292462
5055   55889     490     0.10854262
4422   55533     572     0.0841679
5055   55889     557     0.24126820000000002
5144   55829     920     0.17850433
7676   57329     836     0.053384453
6753   56399     584     0.29504433
3690   55182     450     0.279267
3615   55208     107     0.24512967
5055   55889     688     0.18136394
6024   56088     374     0.03693273
5055   55889     762     0.04949274
5055   55889     824     0.07657864
5055   55889     913     0.07931194
3615   55208     360     0.10642949
4369   55827     646     0.07316374
6753   56399     997     0.29840067
7677   57363     291     0.08939004
3615   55208     404     0.04158277
5055   55889     1000     0.07306685
5145   55835     539     0.08266975
7677   57363     404     0.04940373
3690   55182     993     0.29807407
7677   57363     444     0.3025382
4423   55889     316     0.27408102
4369   55827     903     0.12399928
6024   56088     960     0.06780319
3615   55208     624     0.07288510000000001
4369   55827     925     0.12995392
4370   55534     18     0.13019955
4370   55534     194     0.12703253
5145   55835     937     0.30108035
3691   55274     373     0.31800535
6025   56098     349     0.31093597
5971   56064     922     0.025543356
3615   55445     110     0.28580227
5965   56190     749     0.19746573
5056   55921     754     0.13393423
4424   55532     114     0.20259269
4370   55534     598     0.122271515
3615   55445     313     0.29888943
5056   55921     890     0.06902039
5146   55831     449     0.30087584
6025   56098     776     0.059400965
5146   55831     502     0.24709937
4370   55534     668     0.15268904
3615   55445     406     0.041550558
7614   57307     910     0.31798002
5972   56334     346     0.060995296
5057   56209     132     0.09583576
6755   56413     312     0.051876
3692   55186     179     0.22831166
3615   55445     628     0.07293685
6026   56071     76     0.13248971
5057   56209     220     0.10536479
4424   55532     510     0.06857754
4424   55532     524     0.26417252
4424   55532     530     0.060341187000000004
5057   56209     324     0.22651906
5146   55831     892     0.31283358
3692   55186     318     0.23238684
7678   57282     770     0.26281428
5972   56334     802     0.31276770000000004
6026   56071     365     0.16688867
6515   56536     753     0.22217813
3615   55856     110     0.28581798
5057   56209     758     0.10930642
7615   56977     678     0.09951728
4371   55830     541     0.053638306
6755   56413     944     0.055577035999999996
5057   56209     912     0.06780113
4371   55830     627     0.1648505
3615   55856     350     0.10642957
4371   55830     644     0.07746825
4425   55864     177     0.047885183
5973   56067     292     0.023730446000000002
7679   57367     364     0.16023521
5058   56208     22     0.19425334
5147   55854     540     0.31298056
6026   56071     898     0.19710039
3615   55856     628     0.07292373
5973   56067     513     0.17554948
4425   55864     378     0.09285438
7616   56902     120     0.16170496
5973   56067     544     0.021472605
4372   55541     16     0.10518786
6026   56071     998     0.12785475
7616   56902     198     0.12020843
4372   55541     90     0.24092929
7679   57367     650     0.16499165
4372   55541     152     0.10198439
5973   56067     760     0.23638764
4372   55541     202     0.07032899
4372   55541     208     0.15115884
5058   56208     504     0.24968952
5147   55854     924     0.1377065
3693   55208     363     0.22950633
4372   55541     282     0.07176351
4425   55864     684     0.29470453
4372   55541     334     0.11523673
7679   57367     871     0.14944145
7616   56902     522     0.14315327
4425   55864     763     0.05917734
7681   57042     4     0.11666828
4425   55864     874     0.048608765
4372   55541     520     0.12712707
5058   56208     816     0.0934943
3693   55208     608     0.12476566
6756   56426     824     0.100117505
4425   55864     959     0.06042517
4425   55864     964     0.26419798
6027   56103     540     0.058007922
3615   56219     354     0.106380954
4426   56105     32     0.26672238
3615   56219     410     0.041527495
4372   55541     760     0.11547495
5148   56220     396     0.09414618
4372   55541     806     0.04171402
3615   56219     584     0.21698862
4372   55541     888     0.04832412
5059   56190     192     0.08198145
3615   56219     622     0.07292148
5059   56190     228     0.23800819
4372   55541     984     0.066514574
5059   56190     276     0.088285975
6757   56416     287     0.10299081
5059   56190     320     0.12109422
3694   55209     171     0.24704187
4373   55811     86     0.06420426
5148   56220     828     0.30819556
5059   56190     436     0.13196364
5059   56190     464     0.06869797400000001
4426   56105     688     0.059402168
6028   56102     272     0.25145006
4373   55811     294     0.17835486
4373   55811     379     0.21545285
3615   56544     104     0.2858834
4373   55811     390     0.105321966
5975   56334     53     0.27596107
6028   56102     540     0.015397478999999999
5975   56334     83     0.23752270000000003
4427   56107     31     0.28833735
4373   55811     553     0.18864693
5059   56190     849     0.081666484
4373   55811     562     0.17473039999999998
4427   56107     52     0.121211424
4373   55811     598     0.06655659
3615   56544     317     0.29892138
4373   55811     632     0.079173975
3615   56544     358     0.10642797
3615   56544     410     0.041520207999999996
3615   56544     420     0.106265396
3694   55209     940     0.12707949
3615   56544     610     0.07292353
3615   56544     618     0.31899995
4427   56107     432     0.30318803
5060   56181     536     0.22467645
5149   55944     967     0.23326495
6758   56415     580     0.29385477
4427   56107     748     0.1419332
6029   56099     356     0.058718596
4374   55883     434     0.060319502000000004
4427   56107     862     0.20396522
5060   56181     768     0.07809377
6029   56099     488     0.17744522
4427   56107     954     0.09175824
5060   56181     845     0.10129302
4427   56107     970     0.15602648
5060   56181     851     0.08615796
7618   56898     754     0.17863548
4374   55883     634     0.15406789
4374   55883     645     0.15922229999999998
4374   55883     742     0.12010382
4428   56189     98     0.08964748
4374   55883     780     0.10619356
4428   56189     152     0.048807416
7618   56898     970     0.08521319
4428   56189     224     0.20536746
5061   55806     207     0.26355118
6705   56636     804     0.21683554
6759   56416     214     0.265338
5150   56329     661     0.12656581
5061   55806     321     0.18044923
4375   55889     37     0.10325166
5150   56329     753     0.039490916
4375   55889     110     0.05308251
5061   55806     430     0.13681377
5061   55806     438     0.07470904
4375   55889     192     0.105538025
7684   57286     900     0.12628032
5151   56567     70     0.025262319
4428   56189     792     0.112831116
4428   56189     806     0.28945717
4375   55889     366     0.1076778
5151   56567     187     0.16884643
6759   56416     832     0.03031543
3696   55277     704     0.12714076
5151   56567     332     0.18221304
6706   56385     483     0.31870106
6759   56416     960     0.061970674
3647   55181     350     0.10644862
3647   55181     405     0.10629855
3647   55181     408     0.04156331
5151   56567     450     0.031368673
3696   55277     902     0.1405523
6706   56385     600     0.14843161
3696   55277     925     0.31250712
6030   56097     803     0.2649876
6030   56097     826     0.22507627
3647   55181     584     0.07409975
3647   55181     625     0.07287710000000001
5151   56567     656     0.18461582
6760   56425     246     0.29834932
5062   55803     315     0.29214847
4440   55539     412     0.29062906
5977   56098     704     0.1653801
4440   55539     564     0.13785374
3697   55290     350     0.14057639
4376   55863     358     0.17262965
4376   55863     388     0.055357027999999996
6031   56091     324     0.079416044
6031   56091     364     0.31216332
4440   55539     802     0.21343288
4440   55539     890     0.11043427
6031   56091     518     0.11787819999999999
4440   55539     973     0.31798872
3647   55241     344     0.10647308
6760   56425     949     0.079610504
6031   56091     695     0.22840571
3647   55241     406     0.041554786
3647   55241     407     0.10628419
5152   56010     471     0.31744033
7620   56904     926     0.23822682
5063   55831     116     0.031333264
5152   56010     602     0.26796934
7686   57015     466     0.2766378
6707   56383     771     0.07396661
3647   55241     627     0.07289458
3647   55241     640     0.31877986
3698   55501     131     0.2195
3647   55241     700     0.20515688
4377   55828     12     0.092751235
6032   56067     42     0.19994834
4441   55532     650     0.3008573
6780   56267     530     0.17808342
3698   55501     501     0.22711706
6708   56452     134     0.10863589
3647   55476     108     0.2858127
6780   56267     912     0.28257329999999997
6780   56267     946     0.020457452
3647   55476     348     0.106461786
5063   55831     925     0.15120487
6032   56067     780     0.008990906
3647   55476     404     0.04155509
3647   55476     409     0.10625778
4377   55828     728     0.20497388
6032   56067     850     0.21944155
4442   55532     366     0.1798308
6032   56067     960     0.059783887
6708   56452     725     0.292545
5153   56577     724     0.059391312
3647   55476     603     0.07291094
3647   55476     614     0.31903565
4377   55828     906     0.05590959
3647   55476     670     0.26942793
3699   55517     261     0.15615582
4377   55828     978     0.0962378
5153   56577     879     0.2831367
7622   56987     164     0.06406137
7622   56987     167     0.06693642
5064   55864     320     0.23503731
5979   56329     653     0.31559986
6709   56429     58     0.06199601
5064   55864     559     0.15123786
4378   55853     292     0.10974069
4378   55853     356     0.090839185
3647   55827     108     0.28579587
6780   56577     962     0.020443799999999998
6709   56429     445     0.047985133
5064   55864     894     0.06309735
6709   56429     475     0.24042223
5064   55864     899     0.16396493
6033   56069     854     0.041110272999999996
3647   55827     350     0.20651239999999998
3647   55827     352     0.10641580000000002
5154   55864     610     0.21959196
5154   55864     629     0.025298959
3647   55827     402     0.04151217
4443   55539     416     0.027117735
5065   55739     18     0.095412694
5065   55739     57     0.23332617
5065   55739     136     0.062254105
3647   55827     629     0.0729012
5065   55739     231     0.20981148
5980   56338     551     0.3113051
4379   55881     12     0.055408686
6780   56605     766     0.25469902
6034   56103     504     0.29356575
5065   55739     391     0.24750215
5065   55739     431     0.27087945
5155   55946     330     0.28822398
4379   55881     210     0.17195943
6780   56605     954     0.14184809
4379   55881     226     0.059954877999999996
4379   55881     269     0.30887893
7623   56901     509     0.21488425
4379   55881     376     0.09079395
4444   55538     298     0.17050977
3647   55945     138     0.21751498
5981   56340     128     0.20654339
7623   56901     778     0.08962764
3647   55945     357     0.29885700000000004
5065   55739     938     0.18966314
3647   55945     364     0.0415266
3647   55945     388     0.10646589
5066   55749     24     0.09707999
6710   56416     701     0.24444677
6035   56076     310     0.05936059
4379   55881     907     0.13383648
3647   55945     665     0.07291871
5981   56340     536     0.023725637999999997
7624   57039     170     0.18045051
4380   55857     80     0.09077945
6781   56274     806     0.31897268
3701   55540     709     0.24492988
5066   55749     434     0.095474474
6711   56388     146     0.29430282
3701   55540     942     0.1809315
3647   56219     106     0.28580558
4380   55857     410     0.094304465
5982   56074     32     0.04547456
6711   56388     439     0.14187466
5066   55749     883     0.09871316
4380   55857     600     0.057211682
5066   55749     900     0.15817678
3647   56219     348     0.10636455
6781   56575     411     0.21933874
3647   56219     412     0.041570835
5156   55925     989     0.11921776
7625   57011     30     0.05469014
3647   56219     621     0.072935015
3647   56219     622     0.07415252
6711   56388     788     0.30291197
6781   56575     739     0.25005442
3735   55209     626     0.11026222
4381   55824     87     0.24085803
4381   55824     138     0.12417792
4445   55622     997     0.066381045
6712   56421     14     0.1382309
5982   56074     761     0.16052867
5067   55751     480     0.24867772
4381   55824     210     0.18189715
3735   55209     846     0.27025083
6036   56093     710     0.28318885
6036   56093     719     0.22337437
6712   56421     139     0.30804929999999997
4381   55824     279     0.18363585
3735   55209     914     0.15441391
5982   56074     965     0.23283903
4381   55824     474     0.09082914
7625   57011     717     0.19093648
5067   55751     860     0.10228992
5067   55751     915     0.062022034000000004
5157   55923     849     0.08332506
3647   56568     356     0.10640519999999999
6712   56421     553     0.09796472
3647   56568     405     0.10620057599999999
3736   55214     386     0.06842003
3647   56568     408     0.04152577
4381   55824     746     0.08624991
5158   55913     100     0.30136105
4381   55824     823     0.13789953
3736   55214     634     0.050231367
6712   56421     754     0.26293728
4381   55824     914     0.05818328
3647   56568     629     0.07292002
5068   55749     230     0.21639338
3736   55214     704     0.15452479
6712   56421     828     0.28906685
5158   55913     306     0.120542094
5068   55749     289     0.08152204
4446   55589     87     0.22422108
4382   55742     72     0.17909482
6712   56421     954     0.051183682
6712   56421     972     0.1312943
3647   56568     828     0.24700463
5158   55913     492     0.18244098
4446   55589     216     0.039715666000000004
3736   55214     992     0.06809422
5158   55913     658     0.26610163
3647   56596     104     0.28585365
4382   55742     608     0.22645947
7626   56934     785     0.19778020000000002
3647   56596     350     0.10638716
6713   56402     549     0.2594954
3647   56596     407     0.10620258
4446   55589     953     0.16542353
6782   56273     986     0.2368303
3647   56596     633     0.07292312
6713   56402     796     0.29386696
5984   56337     560     0.2833903
4447   55542     236     0.07699500000000001
6713   56402     915     0.25283974
3647   56596     834     0.24698314
5069   56211     418     0.083894834
5984   56337     740     0.18723801
5159   55856     784     0.16749968
5984   56337     797     0.022010107999999997
4383   55881     227     0.26354748
3745   55234     286     0.1361021
5159   55856     929     0.30845556
7627   56933     596     0.25980937
3650   55244     210     0.27733642
3745   55234     702     0.06741463
5160   55895     396     0.094929844
6714   56447     489     0.3172586
4383   55881     638     0.06067445
4383   55881     646     0.05514316
5160   55895     603     0.27082634
5106   55833     182     0.18666102
5985   56089     496     0.045459215
6038   56090     42     0.3126489
3751   55234     229     0.11990975
4448   55538     583     0.19296508
5985   56089     646     0.27350240000000003
5160   55895     989     0.21739265
3751   55234     439     0.14361265
3650   55244     820     0.0033485314
4448   55538     772     0.26509416
4384   56105     210     0.29122186
6038   56090     438     0.033141177
5106   55833     522     0.21855104
5106   55833     528     0.084740095
3650   55244     972     0.07165939
4449   55544     124     0.07872918
5986   56328     10     0.092982516
5106   55833     776     0.18051499
6715   56449     386     0.13920265
5161   55968     678     0.02908817
6715   56449     484     0.16075662
3651   55247     347     0.24123447
5106   55833     927     0.06458408
3752   55236     174     0.29199135
6039   56099     59     0.2042017
5161   55968     864     0.03874528
6715   56449     648     0.123514555
3651   55247     520     0.26226956
3651   55247     538     0.23848635
3752   55236     445     0.09496834
5162   55893     60     0.051711764
3651   55247     582     0.18355332
5162   55893     123     0.07138295
3651   55247     606     0.04162536
5107   55940     182     0.23978585
6715   56449     782     0.14457111
6039   56099     488     0.035516143
3752   55236     659     0.23592055
6715   56449     844     0.12384959
4385   55752     17     0.06039389
6039   56099     652     0.27124208
5162   55893     384     0.24598168
5986   56328     671     0.29338944
5986   56328     682     0.27403945
4450   55540     178     0.2780736
4450   55540     353     0.22472072
4450   55540     463     0.18410346
4450   55540     509     0.2874663
5107   55940     708     0.0706713
7703   57333     830     0.23219846
4450   55540     784     0.12885602
5163   55889     286     0.090259984
5107   55940     916     0.06080501
5987   56339     292     0.15276358
3655   55240     453     0.1562283
6785   56487     124     0.07551636
3754   55488     23     0.24817412
3655   55240     528     0.06977632
5108   55888     107     0.20841962
5108   55888     124     0.08799068
7705   57332     523     0.23346552
4385   55752     852     0.27622032
3655   55240     568     0.12031137
6040   56101     960     0.06424894
4385   55752     882     0.23109493
3655   55240     608     0.067011885
4451   55537     534     0.14350860000000001
5108   55888     254     0.26769778
4385   55752     982     0.13279492
4386   55540     18     0.1404243
6041   56102     283     0.22813053
4386   55540     126     0.070325896
3655   55240     846     0.080746375
4451   55537     817     0.18913263
3655   55240     856     0.069608524
5108   55888     441     0.23129068
7714   57363     73     0.01898514
3754   55488     669     0.29775268
5108   55888     568     0.16390693
4452   55536     7     0.10264553
5987   56339     962     0.14430349
4452   55536     184     0.027140293
5108   55888     738     0.059127465
3656   55241     253     0.19663797
3755   55504     24     0.26542413
6786   56448     188     0.15147132
3755   55504     110     0.31848657
6786   56448     357     0.20317538
6717   56397     729     0.1480302
5109   55892     168     0.07139212
4452   55536     706     0.16067222
3755   55504     425     0.24157654
6786   56448     585     0.060670227
3656   55241     629     0.21816997
6717   56397     802     0.27256757
7715   57364     13     0.28297725
3755   55504     586     0.05933283
5109   55892     332     0.10371123
6717   56397     939     0.2816006
6786   56448     882     0.076305576
4387   55534     166     0.052748437999999995
6042   56101     630     0.2008713
6786   56448     930     0.060981743
5109   55892     510     0.24041239999999997
6042   56101     743     0.19990742
5109   55892     648     0.08916077
3657   55244     81     0.23671356
6787   56447     188     0.1961474
6787   56447     214     0.109754264
5989   56312     1     0.23114769
5109   55892     928     0.20320162
5109   55892     971     0.20963994
6718   56398     706     0.25721684
6787   56447     672     0.05851732
5110   55913     172     0.07312888
6787   56447     692     0.064651094
4387   55534     916     0.051967867
7632   56987     123     0.028369106
4388   55536     24     0.1803438
7632   56987     205     0.06529902
6718   56398     934     0.29182652
5110   55913     420     0.06540408
6043   56096     878     0.060503247999999996
6788   56428     167     0.13226485
5110   55913     562     0.088193424
6719   56390     184     0.007733568499999999
7718   57362     547     0.18352343
3658   55205     99     0.25129768
4388   55536     537     0.05290807
4388   55536     552     0.14877418
6788   56428     482     0.13283746
5110   55913     886     0.27644628
7718   57362     812     0.18767522
7721   57360     9     0.23886782
5111   55840     168     0.104288675
5167   56066     272     0.24151699
5111   55840     224     0.23237373
6789   56401     32     0.031388192999999995
6044   56090     790     0.18511237
4389   55539     124     0.005048776
7633   56931     328     0.22820811
6045   56072     137     0.17964983
5111   55840     616     0.30990922
6720   56390     227     0.19324845
5167   56066     966     0.029706819
3659   55181     91     0.29877743
5111   55840     694     0.091483325
5111   55840     704     0.073071785
3659   55181     143     0.19254798
4455   55539     998     0.08959208
6789   56401     873     0.2868861
3659   55181     396     0.09729998
6045   56072     712     0.24097405
5991   56076     334     0.28171885
4456   55537     205     0.22064412
6790   56430     80     0.07644596
6045   56072     799     0.058706015
5112   55895     102     0.07287232
4389   55539     818     0.031526946
7818   56989     540     0.012510933
3659   55181     664     0.20817326
3659   55181     687     0.18794292
4456   55537     502     0.055739656
7634   56935     176     0.20233317
6720   56390     898     0.036920395
5991   56076     626     0.09038113
3759   55236     330     0.25710306
4390   55948     64     0.16431189
7634   56935     302     0.035602562000000004
5112   55895     484     0.08835268
5991   56076     773     0.12603192
5112   55895     594     0.108614966
6721   56398     184     0.29345748
5169   56045     331     0.15085584
7634   56935     598     0.27002645
3660   55209     240     0.07836593
5112   55895     950     0.15952563
5113   55924     2     0.072882295
5992   56066     290     0.11824159
3660   55209     456     0.079471655
6047   56098     137     0.3029775
5169   56045     976     0.17296346
4457   55858     754     0.25548282
6791   56429     639     0.29921067
4390   55948     920     0.09762833
6791   56429     642     0.31626174
5113   55924     228     0.0901011
5113   55924     266     0.17158177
6721   56398     864     0.16153423
5113   55924     290     0.28899807
5113   55924     318     0.08782836
5992   56066     614     0.024348736
4391   55866     58     0.14206906
3660   55209     788     0.08061335
3760   55268     812     0.10298886
3660   55209     907     0.2170989
6792   56432     160     0.24919124
3761   55272     80     0.05715106
5992   56066     932     0.19800703
4458   55536     500     0.022070836
6792   56432     425     0.28672567
6048   56072     170     0.008673702
6792   56432     488     0.2058469
5993   56070     14     0.07244412
6048   56072     203     0.017980421
6722   56431     332     0.07244073599999999
4391   55866     548     0.12747677
6722   56431     442     0.26315105
5113   55924     933     0.25303543
3661   55212     362     0.061495867
4391   55866     658     0.08493773
5171   56038     278     0.025460122
5171   56038     288     0.28198528
7821   57279     172     0.046052765
5114   55883     28     0.12783659
5993   56070     370     0.06565313
6792   56432     968     0.2273268
4391   55866     835     0.068774335
6793   56430     76     0.14035706
4392   55833     72     0.30203044
6793   56430     253     0.26778233
6793   56430     304     0.23379965
4392   55833     166     0.30371955
6793   56430     316     0.06365066
6723   56428     98     0.25005555
6793   56430     398     0.21319222
6723   56428     230     0.03085706
4392   55833     396     0.31168965
5114   55883     722     0.122023985
5994   56101     18     0.055455904
6793   56430     625     0.07808929
5994   56101     92     0.02424019
6723   56428     500     0.20338829
6793   56430     835     0.31077337
5172   56071     324     0.032594398
6793   56430     906     0.06278854
4460   55533     104     0.26278389
7636   56989     930     0.28284854
4392   55833     780     0.054375827
5115   55885     116     0.10085697
5172   56071     560     0.0767288
5115   55885     196     0.3100197
5115   55885     261     0.09628826
5172   56071     820     0.22217707
5115   55885     397     0.09963628
5994   56101     685     0.21534489
5173   56046     22     0.07129112
5115   55885     490     0.07452378
3661   55614     916     0.16694920000000002
6050   56089     412     0.20593311
3763   55508     565     0.1952368
5994   56101     836     0.23923409999999998
5115   55885     562     0.11868366
7637   56933     454     0.011045567
3662   55182     48     0.06451059
3763   55508     923     0.24850939
4393   55944     666     0.08340441400000001
3764   55514     234     0.024197396
6051   56093     150     0.034832336
7823   56978     747     0.2972353
4393   55944     706     0.11725776
3764   55514     350     0.24566497
7823   56978     987     0.008205782
5995   56093     460     0.072485544
5995   56093     650     0.29573140000000003
4462   55600     269     0.30749628
6725   56390     16     0.06888193
6796   56453     154     0.100555226
5116   55857     456     0.17894554
6796   56453     182     0.073129445
6796   56453     230     0.26692740000000004
5116   55857     583     0.125886
4394   55924     354     0.10824418
3765   55508     225     0.24177970000000001
6052   56092     108     0.24534297
4462   55600     567     0.08357344
5116   55857     722     0.07175104
4462   55600     587     0.28779006
7824   57282     753     0.22731853
4394   55924     558     0.07023896
4394   55924     561     0.13882944
4394   55924     574     0.04312953
4394   55924     636     0.13942539999999998
4462   55600     741     0.26861584
5175   55955     99     0.082347326
5175   55955     155     0.2523433
5117   55925     258     0.13362245
6725   56390     838     0.08899315
5117   55925     410     0.067436635
6726   56394     56     0.025415814
5117   55925     506     0.042456217000000004
5117   55925     560     0.25374046
6797   56426     442     0.2527054
5176   56221     47     0.12497895
5117   55925     725     0.19511489999999998
5117   55925     781     0.0430455
7639   57297     683     0.2557604
5176   56221     223     0.26951623
5117   55925     902     0.06894919
5176   56221     274     0.26918525
5997   56309     199     0.28025526
6053   56091     564     0.2990213
6726   56394     582     0.06957414
5118   55830     140     0.13280268
4395   55828     899     0.11213752
5176   56221     492     0.051701624
6798   56485     120     0.11095905
6798   56485     146     0.10439201
5118   55830     274     0.21581323
4464   55866     408     0.029620582000000003
5118   55830     468     0.17437081
4464   55866     480     0.08838577
6798   56485     351     0.29332095
5997   56309     810     0.24966279999999996
5118   55830     536     0.06666911
4396   55829     263     0.243743
4464   55866     764     0.08617464
6054   56089     360     0.10601768
5118   55830     890     0.062075637
6727   56369     526     0.26386505
3665   55247     422     0.19704874
4464   55866     898     0.17188708
5119   55836     108     0.07800257
6798   56485     922     0.098129146
5119   55836     298     0.03277551
5177   56245     470     0.050003096
3767   55214     903     0.21601924
5119   55836     422     0.09344605
5119   55836     515     0.16103864
6054   56089     923     0.24165274
3666   55185     59     0.13363649
6728   56426     224     0.2696401
5119   55836     722     0.28694376
6055   56102     176     0.13283253
6728   56426     367     0.064547084
3666   55185     249     0.12721957
4397   55921     541     0.2139764
5999   56089     156     0.16624741
4397   55921     624     0.094438374
5119   55836     928     0.13674791
6728   56426     574     0.07494456
4465   55858     978     0.23770395
3768   55564     795     0.22670847
5120   55895     133     0.047806073
5120   55895     184     0.19278884
6800   56399     123     0.050837044000000005
7828   57039     545     0.16405775
5178   56246     705     0.2890455
6056   56092     24     0.26495054
3666   55185     904     0.30121824
6800   56399     390     0.10235931
4466   55857     588     0.28881246
6056   56092     213     0.21320756
3769   55240     414     0.11227891599999999
3667   55186     44     0.08639317
6800   56399     666     0.06829659
4398   55946     439     0.08723184
4398   55946     480     0.12946112
3667   55186     260     0.083618395
5120   55895     838     0.07835864
6000   56102     194     0.09388276
4398   55946     734     0.102516055
6056   56092     967     0.23070677
6729   56419     848     0.039409325
6729   56419     939     0.20024754
5121   55856     422     0.16769937
4399   55811     190     0.07213729
5180   55947     329     0.24400389999999997
3667   55566     50     0.08641389
5121   55856     651     0.18884579999999998
5180   55947     530     0.25071406
5121   55856     785     0.08819697
5121   55856     826     0.26210147
5121   55856     866     0.18575545
6001   56072     161     0.14372806
3667   55566     300     0.08361575
4468   55894     450     0.30938223
6802   56456     319     0.057038974000000006
6001   56072     210     0.05546804
5121   55856     964     0.2554208
6802   56456     432     0.104425125
5121   55856     972     0.08807757
5122   55841     34     0.06401227400000001
4399   55811     773     0.07021109
6001   56072     360     0.027464792000000002
6802   56456     685     0.3174659
4468   55894     841     0.22894199
6001   56072     424     0.30224398
4399   55811     925     0.08035089
6730   56425     906     0.06035395
6802   56456     977     0.0026824446
4400   55509     164     0.12577179
4469   55863     246     0.03984375
4469   55863     267     0.28615776
4469   55863     298     0.14271697
4469   55863     315     0.15630299
4400   55509     310     0.24248667
6803   56402     300     0.307976
6803   56402     454     0.301189
6002   56104     24     0.050998796
6002   56104     36     0.05131563
6803   56402     566     0.006844093000000001
5182   56341     18     0.11551128
4400   55509     574     0.12951894
4400   55509     599     0.058094892999999995
5122   55841     982     0.10872644
4400   55509     694     0.14267614
6059   56093     594     0.21389635
4400   55509     791     0.09475417
4470   55587     113     0.22710586
5123   55841     146     0.1355637
4400   55509     970     0.221493
4470   55587     390     0.21985412
4470   55587     434     0.2438428
6002   56104     585     0.16305815
4470   55587     446     0.18864849
7653   57306     174     0.11735713
6804   56447     334     0.068939395
4470   55587     470     0.08963957
6002   56104     652     0.06257622
4470   55587     532     0.08090125
6060   56074     118     0.2928665
4470   55587     575     0.07932396
3773   55240     410     0.31483449999999996
6002   56104     828     0.07472545
5123   55841     608     0.10969949999999999
4401   55510     350     0.061187353
4471   55617     11     0.13852553
4401   55510     550     0.08930771
3669   55481     281     0.20372058
6805   56442     113     0.13969725
7653   57306     801     0.052293867
5183   55976     600     0.29469788
5123   55841     986     0.09285064
6732   56370     569     0.20594165
7653   57306     860     0.050345007000000004
4471   55617     414     0.17063029
7833   57286     617     0.301466
5124   55894     138     0.06494814
5124   55894     147     0.07562157
3774   55244     314     0.29098815
7833   57286     757     0.21254072
6003   56311     459     0.23951082
5124   55894     174     0.07588149599999999
6061   56076     210     0.21787274
6732   56370     846     0.23168069
6732   56370     939     0.12560128
5184   56352     252     0.08278665
6003   56311     798     0.016120195
5124   55894     532     0.05372873
3774   55244     834     0.019547116
4402   55514     287     0.22663914
3670   55480     19     0.21355867
4402   55514     335     0.0195682
3670   55480     127     0.24219102
4472   55893     536     0.10580261
6062   56091     131     0.19197279999999997
6806   56419     422     0.27824885
3670   55480     330     0.062161825999999996
4402   55514     662     0.094580136
5124   55894     968     0.059172675
4402   55514     702     0.09276925
6062   56091     399     0.17209612
6806   56419     772     0.23999593
6062   56091     531     0.05905145
5185   55978     250     0.19587542
4402   55514     924     0.21823801
3775   55207     814     0.22343789
3670   55480     700     0.21304087
7835   56986     275     0.07090763
7835   56986     305     0.3081638
4403   55536     44     0.10024805
7835   56986     377     0.16705021
7835   56986     412     0.31301674
5125   55863     460     0.08948253
6062   56091     848     0.060526777000000004
3775   55207     998     0.16565181
4473   55589     286     0.07764005
6734   56386     138     0.31100124
6062   56091     986     0.058425985
5125   55863     615     0.17327356
3671   55483     56     0.034498267
4403   55536     377     0.07466977
6063   56098     105     0.26852098
6807   56429     523     0.24620779
7655   57336     780     0.303739
5186   56337     36     0.08679588
6734   56386     648     0.27316490000000004
7656   57338     1     0.11930363
6063   56098     620     0.030058727
6063   56098     649     0.04026180000000001
6005   56090     508     0.24701418
4403   55536     938     0.06622993
3671   55483     704     0.05408176
7836   57278     399     0.10243321
6063   56098     825     0.076997705
6734   56386     930     0.18940485
5126   55923     430     0.054822326
4478   55600     420     0.08558404
4404   55513     194     0.077356175
5126   55923     559     0.046298657
5126   55923     626     0.08777568
4404   55513     456     0.08202017
5126   55923     922     0.065796725
6006   56105     222     0.08479586
6006   56105     236     0.07802143
4404   55513     690     0.05121102
4404   55513     800     0.07958917
5127   55889     104     0.15826500000000002
5127   55889     302     0.2508326
5127   55889     395     0.09253016
5127   55889     398     0.16707049999999998
6006   56105     742     0.11068843
6736   56366     253     0.11584898
7657   57309     794     0.11830694
4405   55854     738     0.18004595
4405   55854     774     0.05145389
4405   55854     822     0.03943626
6007   56066     398     0.12874955
4405   55854     830     0.08398221
5128   55912     152     0.10448307
4405   55854     950     0.12897603
6736   56366     902     0.08045312
4406   55858     244     0.09143445
4406   55858     280     0.055466312999999996
5128   55912     610     0.3064294
6737   56365     212     0.036186676
3674   55182     71     0.07017826
4406   55858     490     0.05414024
7658   57312     668     0.060597844000000005
6008   56093     176     0.1584811
4406   55858     846     0.03205418
5129   55864     190     0.30155295
3674   55182     864     0.26208597
4407   55884     228     0.1794014
7659   57060     413     0.10528193
6738   56424     178     0.15443015
6738   56424     259     0.10884006
6008   56093     991     0.07411673
6738   56424     488     0.25473663
5129   55864     930     0.102386564
5129   55864     950     0.06881491
3675   55183     387     0.22374862
6009   56313     291     0.16507465
5130   55835     76     0.16060401
6009   56313     384     0.06295576
4407   55884     819     0.23069602
6009   56313     398     0.069588155
4407   55884     888     0.090921834
4407   55884     895     0.20370285
6009   56313     506     0.06329001
5130   55835     268     0.07296414
5130   55835     304     0.07106593
6009   56313     642     0.02687544
5130   55835     372     0.22760499
6009   56313     672     0.061547708
6009   56313     690     0.060961477
6009   56313     760     0.060646556
7660   57357     446     0.09115324
5130   55835     612     0.10702237
6009   56313     915     0.2524864
4408   55888     416     0.12716034
6010   56097     60     0.017423285
4408   55888     582     0.063072555
5130   55835     900     0.22811404
5130   55835     934     0.110428125
5131   55835     174     0.04492977
6010   56097     556     0.06520623
6739   56393     918     0.2587772
3676   55186     812     0.03447212
6740   56401     28     0.19996272
6740   56401     40     0.20214058
4409   55883     376     0.24698927
5131   55835     716     0.054717496
6011   56103     72     0.15659451
4409   55883     652     0.060977075
6740   56401     558     0.05733442
5132   55858     44     0.07289274
5132   55858     150     0.06465284
4409   55883     932     0.14907502
4410   56187     38     0.06856598
4410   56187     167     0.20768653
5132   55858     490     0.06771012400000001
6011   56103     784     0.040935453
6011   56103     785     0.25591573
4410   56187     224     0.12654556
6011   56103     856     0.07854912
4410   56187     281     0.22704986
5132   55858     598     0.075873815
3678   55208     142     0.18219467
4410   56187     461     0.29899505
5132   55858     774     0.11971293
6012   56101     58     0.06428663
5132   55858     798     0.06228232
6012   56101     108     0.03370756
5132   55858     838     0.12026681
5132   55858     844     0.06277394
4410   56187     556     0.09904708
5132   55858     956     0.059745494
5132   55858     958     0.059944283
5133   55860     110     0.27995396
6741   56394     716     0.18259233
7663   57328     70     0.019109115
3678   55208     726     0.3022146
3678   55208     853     0.26139295
6742   56415     37     0.18132879999999998
3678   55208     932     0.05841564
3679   55209     52     0.19475599
6742   56415     518     0.26248309999999997
4411   56164     658     0.08544154
6013   56074     260     0.1147251
5133   55860     984     0.14390074
4411   56164     784     0.1122751
3679   55209     585     0.19691035
4411   56164     954     0.29299325
4412   55912     23     0.2797197
7664   57367     221     0.10539594
4412   55912     88     0.13953911
6013   56074     666     0.24231774
6013   56074     735     0.17428711
4412   55912     174     0.22881906
6013   56074     790     0.01752722
4412   55912     253     0.15932593
4412   55912     262     0.13431467
7664   57367     463     0.17692123
5134   55868     642     0.08115939999999999
6013   56074     990     0.19745652
3680   55210     193     0.24685569
6014   56072     73     0.097548366
4412   55912     509     0.24329495
3680   55210     291     0.213256
4412   55912     738     0.15996459999999998
4412   55912     761     0.08532515
6014   56072     371     0.14424632
4412   55912     855     0.22864541
6743   56385     778     0.28032893
